0.050000 1.236023 0.088600
0.150000 1.355176 0.109400
0.150000 1.267706 0.109400
0.300000 1.712226 0.149600
0.350000 1.790060 0.165400
0.850000 4.197019 0.389400
0.850000 4.989162 0.389400
0.900000 6.057394 0.418400
1.350000 9.185259 0.733400
1.450000 8.823805 0.816600
1.550000 11.656189 0.904600
1.550000 9.835499 0.904600
1.750000 14.856617 1.095000
1.750000 12.450636 1.095000
2.000000 16.761291 1.360000
2.200000 18.839344 1.593600
2.650000 26.430542 2.189400
2.650000 27.789865 2.189400
2.750000 30.677110 2.335000
2.750000 31.001179 2.335000
